geneID	readLen50	readLen70	readLen100
NR_046018	100.0	100.0	100.0
NR_026818	94.66	99.79	100.0
NM_001005484	100.0	100.0	100.0
NR_039983	0.57	1.87	6.46
NR_028327	0.0	0.54	2.35
NM_001005221	0.0	0.0	0.0
NM_001005221	0.0	0.0	0.0
NR_028327	0.0	0.0	0.0
NR_024321	100.0	100.0	100.0
NR_027055	74.1	85.76	91.89
NR_026874	100.0	100.0	100.0
NM_198317	95.93	96.31	96.88
NM_001160184	96.87	98.11	98.47
NR_027693	81.67	86.93	90.36
NM_021170	100.0	100.0	100.0
NM_001142467	100.0	100.0	100.0
NM_005101	100.0	100.0	100.0
NM_001205252	100.0	100.0	100.0
NR_038869	68.18	71.99	77.99
NR_029639	100.0	100.0	100.0
NR_029834	100.0	100.0	100.0
NR_029957	100.0	100.0	100.0
NM_153254	95.39	95.7	96.18
NM_004195	100.0	100.0	100.0
NM_003327	100.0	100.0	100.0
NM_080605	100.0	100.0	100.0
NM_001014980	98.11	100.0	100.0
NM_153339	97.55	99.07	100.0
NM_001029885	100.0	100.0	100.0
NM_152228	100.0	100.0	100.0
NM_032348	97.45	99.22	100.0
NM_001127230	100.0	100.0	100.0
NM_001127229	100.0	100.0	100.0
NM_017900	100.0	100.0	100.0
NM_001039577	80.03	93.31	99.07
NR_015434	100.0	100.0	100.0
NM_017971	80.29	91.91	98.93
NM_001145210	91.06	96.24	100.0
NM_001146685	98.88	100.0	100.0
NM_022834	100.0	100.0	100.0
NM_001114748	99.6	100.0	100.0
NM_001242659	100.0	100.0	100.0
NR_002946	2.03	3.17	4.92
NM_006983	12.88	13.82	15.26
NR_002946	2.09	3.22	4.97
NM_001198995	84.52	86.28	88.16
NM_138705	100.0	100.0	100.0
NM_178545	100.0	100.0	100.0
NM_182533	95.06	98.18	99.88
NR_024489	100.0	100.0	100.0
NM_153818	96.71	99.13	100.0
NM_001010926	100.0	100.0	100.0
NR_026927	24.85	32.59	40.71
NR_037844	100.0	100.0	100.0
NM_003820	99.54	100.0	100.0
NR_036638	100.0	100.0	100.0
NM_001195738	100.0	100.0	100.0
NM_080431	100.0	100.0	100.0
NR_015440	100.0	100.0	100.0
NR_024371	100.0	100.0	100.0
NR_036215	100.0	100.0	100.0
NR_030277	100.0	100.0	100.0
NM_182752	93.73	98.09	100.0
NM_001163724	100.0	100.0	100.0
NR_039612	100.0	100.0	100.0
NR_039838	100.0	100.0	100.0
NM_001024598	100.0	100.0	100.0
NM_019089	93.96	96.6	100.0
NR_036218	0.0	0.0	0.0
NM_003790	94.13	96.76	100.0
NM_001039664	100.0	100.0	100.0
NM_005341	90.35	96.99	99.96
NM_001195753	84.55	96.18	99.56
NM_001195752	84.03	96.05	99.54
NM_006786	87.28	96.14	99.78
NM_021995	88.25	96.44	99.79
NR_038351	100.0	100.0	100.0
NR_029610	100.0	100.0	100.0
NR_027045	100.0	100.0	100.0
NM_001302	100.0	100.0	100.0
NM_139208	94.69	99.92	100.0
NM_003132	86.24	95.68	99.12
NM_021146	96.34	98.72	100.0
NM_012168	98.04	99.45	100.0
NM_183412	83.52	93.37	99.03
NM_033182	82.58	92.99	98.97
NM_006341	85.06	93.16	99.59
NR_037806	89.06	93.8	98.19
NM_006172	76.64	84.69	95.65
NM_002521	100.0	100.0	100.0
NM_138346	93.09	97.11	99.75
NR_039775	100.0	100.0	100.0
NR_003025	100.0	100.0	100.0
NM_001080830	82.13	91.82	97.24
NM_023013	15.36	24.33	37.19
NM_001146344	9.84	17.58	32.89
NM_001146181	13.01	18.65	29.01
NM_001013631	17.26	27.22	39.46
NM_023014	22.74	35.04	53.38
NM_001009611	4.72	8.17	15.69
NM_001039361	0.0	0.0	0.0
NM_001012277	0.0	0.0	0.0
NM_001012276	0.0	0.0	0.0
NM_001010889	0.36	0.59	0.92
NM_001100631	0.0	0.0	0.0
NM_001013407	0.11	0.33	0.66
NM_001136561	16.16	27.35	41.8
NM_001100631	0.0	0.0	0.0
NM_001013692	0.0	0.0	0.12
NM_001010889	0.0	0.0	0.0
NM_001013407	0.0	0.0	0.0
NM_001012276	0.0	0.0	0.0
NM_001098376	0.0	0.0	0.0
NM_001010890	0.0	0.0	0.0
NM_001024661	0.0	0.0	0.0
NM_001099850	0.0	0.0	0.0
NM_001045480	1.05	1.06	1.07
NM_001100114	0.53	1.36	2.68
NM_001012277	0.0	0.0	0.0
NM_001012276	0.0	0.0	0.0
NM_001098376	0.0	0.0	0.0
NM_001010890	0.0	0.0	0.0
NM_001099854	0.0	0.0	0.0
NM_001099850	0.0	0.0	0.0
NM_001099851	0.07	0.07	0.07
NM_001100114	0.52	1.18	3.08
NM_007272	91.11	97.83	100.0
NM_006511	100.0	100.0	100.0
NM_207348	89.16	97.6	99.7
NM_001013641	85.54	96.19	100.0
NM_001089591	35.99	52.67	75.85
NM_178840	87.4	95.51	99.79
NM_014424	100.0	100.0	100.0
NM_001165945	66.33	74.81	82.16
NM_030907	88.97	94.62	99.42
NR_037446	0.0	0.0	0.0
NR_027504	8.69	15.4	23.86
NR_037446	0.0	0.0	0.0
NR_002729	7.17	13.15	21.68
NR_037446	50.0	100.0	100.0
NM_001135248	90.99	91.42	91.87
NM_001135247	92.15	92.53	92.93
NM_152375	98.4	99.64	100.0
NR_039844	100.0	100.0	100.0
NM_016183	93.25	98.69	100.0
NR_040288	56.35	69.54	80.1
NM_012067	50.41	64.18	75.15
NR_037847	94.51	99.05	100.0
NM_003689	85.46	92.26	97.54
NM_019062	100.0	100.0	100.0
NM_014589	100.0	100.0	100.0
NM_001161729	100.0	100.0	100.0
NM_001161728	100.0	100.0	100.0
NM_012400	95.92	99.07	100.0
NM_152376	99.64	100.0	100.0
NM_018584	99.95	100.0	100.0
NM_024544	91.43	97.61	100.0
NM_207334	100.0	100.0	100.0
NM_005216	94.3	97.74	100.0
NR_038404	96.43	98.76	100.0
NR_023918	85.12	93.96	99.76
NR_023919	84.23	93.6	99.75
NM_015991	100.0	100.0	100.0
NM_172369	100.0	100.0	100.0
NM_000491	98.26	99.78	100.0
NR_039832	100.0	100.0	100.0
NR_036214	100.0	100.0	100.0
NM_001242521	80.48	93.67	99.63
NR_036057	100.0	100.0	100.0
NM_000864	94.9	98.99	100.0
NM_030634	90.55	96.56	99.71
NR_033690	100.0	100.0	100.0
NR_033691	100.0	100.0	100.0
NM_002167	100.0	100.0	100.0
NM_000975	98.89	100.0	100.0
NM_020362	82.26	92.53	98.56
NM_007260	100.0	100.0	100.0
NM_001127621	95.59	99.03	100.0
NM_000403	96.47	99.22	100.0
NM_001008216	96.65	99.26	100.0
NR_039615	100.0	100.0	100.0
NM_017761	41.75	46.12	52.25
NR_045409	88.94	94.63	98.36
NM_020317	96.09	99.52	100.0
NR_024498	92.54	93.78	98.03
NM_178422	83.98	92.25	98.61
NM_203401	97.04	99.01	99.93
NR_037481	100.0	100.0	100.0
NM_005563	97.21	99.07	99.94
NM_203399	97.36	99.12	99.94
NM_032513	96.17	98.37	100.0
NM_024869	94.63	99.1	100.0
NM_015871	100.0	100.0	100.0
NM_031286	100.0	100.0	100.0
NM_001803	80.7	89.63	100.0
NM_005517	82.29	86.48	91.07
NR_031740	100.0	100.0	100.0
NM_006142	100.0	100.0	100.0
NM_022078	84.19	93.24	99.38
NM_021969	95.28	98.53	100.0
NM_001013642	94.22	98.96	99.93
NM_052943	96.18	98.67	100.0
NR_033926	82.29	90.67	99.06
NM_173452	83.55	92.97	99.77
NM_207397	100.0	100.0	100.0
NM_005281	100.0	100.0	100.0
NM_002038	89.12	95.97	99.85
NR_002997	100.0	100.0	100.0
NM_018053	96.51	99.48	100.0
NR_027268	100.0	100.0	100.0
NM_178190	100.0	100.0	100.0
NM_017638	79.15	90.79	99.08
NR_036473	90.49	98.18	100.0
NR_003077	100.0	100.0	100.0
NR_002987	100.0	100.0	100.0
NR_002976	93.98	100.0	100.0
NR_003035	100.0	100.0	100.0
NR_024127	93.3	99.75	100.0
NM_152304	83.46	90.73	97.32
NM_001193532	81.06	89.37	96.92
NR_004407	100.0	100.0	100.0
NM_001171868	100.0	100.0	100.0
NM_001003682	100.0	100.0	100.0
NR_034182	100.0	100.0	100.0
NR_039616	100.0	100.0	100.0
NR_033295	0.0	0.0	0.0
NR_004054	0.0	0.0	0.0
NR_003066	100.0	100.0	100.0
NR_002762	100.0	100.0	100.0
NM_004102	97.72	99.77	100.0
NR_034112	100.0	100.0	100.0
NR_027085	82.0	94.95	99.81
NM_001204415	89.78	93.57	96.25
NM_001525	98.01	99.16	100.0
NR_036216	100.0	100.0	100.0
NM_024296	94.2	99.47	100.0
NM_001160042	95.07	98.56	99.9
NM_001099434	79.15	91.71	99.1
NM_019118	85.87	94.92	99.7
NM_003757	75.69	90.81	99.38
NM_032648	100.0	100.0	100.0
NM_023009	100.0	100.0	100.0
NM_001167676	100.0	100.0	100.0
NM_052841	100.0	100.0	100.0
NM_001198973	96.52	98.38	99.57
NM_001171940	93.56	96.18	99.19
NM_002143	100.0	100.0	100.0
NM_033504	99.7	100.0	100.0
NR_037400	100.0	100.0	100.0
NM_145205	99.41	100.0	100.0
